1000 1.66667 0.985 0.014 0.001 0 0.985 0.014 0.001
2000 3.33333 0.958 0.0415 0.0005 0 0.958 0.0415 0.0005
3000 5 0.927333 0.0693333 0.00333333 0 0.927333 0.0693333 0.00333333
4000 6.66667 0.921 0.07725 0.00175 0 0.921 0.07725 0.00175
5000 8.33333 0.8914 0.103 0.0056 0 0.8914 0.103 0.0056
6000 10 0.878167 0.115333 0.0065 0 0.878167 0.115333 0.0065
7000 11.6667 0.849429 0.140286 0.0102857 0 0.849429 0.140286 0.0102857
8000 13.3333 0.82375 0.160875 0.015375 0 0.82375 0.160875 0.015375
9000 15 0.816889 0.165111 0.018 0 0.816889 0.165111 0.018
10000 16.6667 0.8003 0.1811 0.0186 0 0.8003 0.1811 0.0186
11000 18.3333 0.772818 0.201818 0.0253636 0 0.772818 0.201818 0.0253636
12000 20 0.750083 0.22 0.0299167 0 0.750083 0.22 0.0299167
13000 21.6667 0.728692 0.235923 0.0353846 0 0.728692 0.235923 0.0353846
