Waf: Entering directory `/home/gercom/Opt/ns-3-dev/build'
Waf: Leaving directory `/home/gercom/Opt/ns-3-dev/build'
Build commands will be stored in build/compile_commands.json
'build' finished successfully (0.415s)
1000 1.66667 0.959 0.038 0.003 0 0.959 0.038 0.003
1000 1.66667 0.965 0.033 0.002 0 0.965 0.033 0.002
1000 1.66667 0.935 0.061 0.004 0 0.935 0.061 0.004
1000 1.66667 0.954 0.043 0.003 0 0.954 0.043 0.003
1000 1.66667 0.945 0.052 0.003 0 0.945 0.052 0.003
1000 1.66667 0.955 0.04 0.005 0 0.955 0.04 0.005
1000 1.66667 0.959 0.039 0.002 0 0.959 0.039 0.002
1000 1.66667 0.972 0.027 0.001 0 0.972 0.027 0.001
1000 1.66667 0.969 0.03 0.001 0 0.969 0.03 0.001
1000 1.66667 0.97 0.028 0.002 0 0.97 0.028 0.002
1000 1.66667 0.954 0.043 0.003 0 0.954 0.043 0.003
1000 1.66667 0.957 0.042 0.001 0 0.957 0.042 0.001
1000 1.66667 0.96 0.035 0.005 0 0.96 0.035 0.005
1000 1.66667 0.965 0.035 0 0 0.965 0.035 0
1000 1.66667 0.963 0.036 0.001 0 0.963 0.036 0.001
1000 1.66667 0.952 0.047 0.001 0 0.952 0.047 0.001
1000 1.66667 0.958 0.041 0.001 0 0.958 0.041 0.001
1000 1.66667 0.964 0.034 0.002 0 0.964 0.034 0.002
1000 1.66667 0.966 0.029 0.005 0 0.966 0.029 0.005
1000 1.66667 0.94 0.057 0.003 0 0.94 0.057 0.003
1000 1.66667 0.963 0.037 0 0 0.963 0.037 0
1000 1.66667 0.944 0.052 0.004 0 0.944 0.052 0.004
1000 1.66667 0.959 0.038 0.003 0 0.959 0.038 0.003
1000 1.66667 0.964 0.036 0 0 0.964 0.036 0
1000 1.66667 0.953 0.045 0.002 0 0.953 0.045 0.002
1000 1.66667 0.956 0.043 0.001 0 0.956 0.043 0.001
1000 1.66667 0.961 0.037 0.002 0 0.961 0.037 0.002
1000 1.66667 0.949 0.05 0.001 0 0.949 0.05 0.001
1000 1.66667 0.965 0.034 0.001 0 0.965 0.034 0.001
1000 1.66667 0.968 0.032 0 0 0.968 0.032 0
Waf: Entering directory `/home/gercom/Opt/ns-3-dev/build'
Waf: Leaving directory `/home/gercom/Opt/ns-3-dev/build'
Build commands will be stored in build/compile_commands.json
'build' finished successfully (0.414s)
2000 3.33333 0.918 0.074 0.008 0 0.918 0.074 0.008
2000 3.33333 0.9245 0.0665 0.009 0 0.9245 0.0665 0.009
2000 3.33333 0.9215 0.0685 0.01 0 0.9215 0.0685 0.01
2000 3.33333 0.905 0.0815 0.0135 0 0.905 0.0815 0.0135
2000 3.33333 0.9195 0.073 0.0075 0 0.9195 0.073 0.0075
2000 3.33333 0.9145 0.079 0.0065 0 0.9145 0.079 0.0065
2000 3.33333 0.915 0.0775 0.0075 0 0.915 0.0775 0.0075
2000 3.33333 0.927 0.066 0.007 0 0.927 0.066 0.007
2000 3.33333 0.9165 0.072 0.0115 0 0.9165 0.072 0.0115
2000 3.33333 0.9215 0.0705 0.008 0 0.9215 0.0705 0.008
2000 3.33333 0.9125 0.0765 0.011 0 0.9125 0.0765 0.011
2000 3.33333 0.9145 0.076 0.0095 0 0.9145 0.076 0.0095
2000 3.33333 0.906 0.084 0.01 0 0.906 0.084 0.01
2000 3.33333 0.915 0.074 0.011 0 0.915 0.074 0.011
2000 3.33333 0.9085 0.0835 0.008 0 0.9085 0.0835 0.008
2000 3.33333 0.9205 0.0745 0.005 0 0.9205 0.0745 0.005
2000 3.33333 0.9235 0.0695 0.007 0 0.9235 0.0695 0.007
2000 3.33333 0.9285 0.064 0.0075 0 0.9285 0.064 0.0075
2000 3.33333 0.912 0.0775 0.0105 0 0.912 0.0775 0.0105
2000 3.33333 0.9205 0.0725 0.007 0 0.9205 0.0725 0.007
2000 3.33333 0.911 0.0775 0.0115 0 0.911 0.0775 0.0115
2000 3.33333 0.9235 0.0675 0.009 0 0.9235 0.0675 0.009
2000 3.33333 0.9225 0.0695 0.008 0 0.9225 0.0695 0.008
2000 3.33333 0.9165 0.073 0.0105 0 0.9165 0.073 0.0105
2000 3.33333 0.9045 0.084 0.0115 0 0.9045 0.084 0.0115
2000 3.33333 0.921 0.0715 0.0075 0 0.921 0.0715 0.0075
2000 3.33333 0.916 0.077 0.007 0 0.916 0.077 0.007
2000 3.33333 0.916 0.071 0.013 0 0.916 0.071 0.013
2000 3.33333 0.9185 0.0745 0.007 0 0.9185 0.0745 0.007
2000 3.33333 0.911 0.075 0.014 0 0.911 0.075 0.014
Waf: Entering directory `/home/gercom/Opt/ns-3-dev/build'
Waf: Leaving directory `/home/gercom/Opt/ns-3-dev/build'
Build commands will be stored in build/compile_commands.json
'build' finished successfully (0.413s)
3000 5 0.878667 0.101667 0.0196667 0 0.878667 0.101667 0.0196667
3000 5 0.874333 0.102333 0.0233333 0 0.874333 0.102333 0.0233333
3000 5 0.887333 0.0956667 0.017 0 0.887333 0.0956667 0.017
3000 5 0.868667 0.111 0.0203333 0 0.868667 0.111 0.0203333
3000 5 0.882 0.0986667 0.0193333 0 0.882 0.0986667 0.0193333
3000 5 0.862 0.115 0.023 0 0.862 0.115 0.023
3000 5 0.856333 0.113333 0.0303333 0 0.856333 0.113333 0.0303333
3000 5 0.863333 0.117 0.0196667 0 0.863333 0.117 0.0196667
3000 5 0.873333 0.102 0.0246667 0 0.873333 0.102 0.0246667
3000 5 0.864333 0.113333 0.0223333 0 0.864333 0.113333 0.0223333
3000 5 0.883333 0.102 0.0146667 0 0.883333 0.102 0.0146667
3000 5 0.880333 0.1 0.0196667 0 0.880333 0.1 0.0196667
3000 5 0.885 0.095 0.02 0 0.885 0.095 0.02
3000 5 0.877 0.103667 0.0193333 0 0.877 0.103667 0.0193333
3000 5 0.892 0.088 0.02 0 0.892 0.088 0.02
3000 5 0.879333 0.101667 0.019 0 0.879333 0.101667 0.019
3000 5 0.89 0.096 0.014 0 0.89 0.096 0.014
3000 5 0.875667 0.103667 0.0206667 0 0.875667 0.103667 0.0206667
3000 5 0.870333 0.108667 0.021 0 0.870333 0.108667 0.021
3000 5 0.870667 0.108333 0.021 0 0.870667 0.108333 0.021
3000 5 0.88 0.099 0.021 0 0.88 0.099 0.021
3000 5 0.885 0.093 0.022 0 0.885 0.093 0.022
3000 5 0.888667 0.0926667 0.0186667 0 0.888667 0.0926667 0.0186667
3000 5 0.877667 0.103 0.0193333 0 0.877667 0.103 0.0193333
3000 5 0.876667 0.102333 0.021 0 0.876667 0.102333 0.021
3000 5 0.862 0.115333 0.0226667 0 0.862 0.115333 0.0226667
3000 5 0.873333 0.103667 0.023 0 0.873333 0.103667 0.023
3000 5 0.891667 0.086 0.0223333 0 0.891667 0.086 0.0223333
3000 5 0.876333 0.104 0.0196667 0 0.876333 0.104 0.0196667
3000 5 0.880333 0.1 0.0196667 0 0.880333 0.1 0.0196667
Waf: Entering directory `/home/gercom/Opt/ns-3-dev/build'
Waf: Leaving directory `/home/gercom/Opt/ns-3-dev/build'
Build commands will be stored in build/compile_commands.json
'build' finished successfully (0.414s)
4000 6.66667 0.82875 0.13525 0.036 0 0.82875 0.13525 0.036
4000 6.66667 0.83975 0.12825 0.032 0 0.83975 0.12825 0.032
4000 6.66667 0.86175 0.10875 0.0295 0 0.86175 0.10875 0.0295
4000 6.66667 0.825 0.13575 0.03925 0 0.825 0.13575 0.03925
4000 6.66667 0.84825 0.12025 0.0315 0 0.84825 0.12025 0.0315
4000 6.66667 0.84125 0.12675 0.032 0 0.84125 0.12675 0.032
4000 6.66667 0.84825 0.1145 0.03725 0 0.84825 0.1145 0.03725
4000 6.66667 0.836 0.12975 0.03425 0 0.836 0.12975 0.03425
4000 6.66667 0.83325 0.13475 0.032 0 0.83325 0.13475 0.032
4000 6.66667 0.83675 0.12475 0.0385 0 0.83675 0.12475 0.0385
4000 6.66667 0.83475 0.13 0.03525 0 0.83475 0.13 0.03525
4000 6.66667 0.832 0.13375 0.03425 0 0.832 0.13375 0.03425
4000 6.66667 0.835 0.1305 0.0345 0 0.835 0.1305 0.0345
4000 6.66667 0.832 0.13125 0.03675 0 0.832 0.13125 0.03675
4000 6.66667 0.82975 0.1365 0.03375 0 0.82975 0.1365 0.03375
4000 6.66667 0.84025 0.125 0.03475 0 0.84025 0.125 0.03475
4000 6.66667 0.84175 0.11975 0.0385 0 0.84175 0.11975 0.0385
4000 6.66667 0.8455 0.12375 0.03075 0 0.8455 0.12375 0.03075
4000 6.66667 0.82225 0.14425 0.0335 0 0.82225 0.14425 0.0335
4000 6.66667 0.831 0.13525 0.03375 0 0.831 0.13525 0.03375
4000 6.66667 0.84 0.12675 0.03325 0 0.84 0.12675 0.03325
4000 6.66667 0.844 0.122 0.034 0 0.844 0.122 0.034
4000 6.66667 0.83425 0.1335 0.03225 0 0.83425 0.1335 0.03225
4000 6.66667 0.82925 0.13325 0.0375 0 0.82925 0.13325 0.0375
4000 6.66667 0.8255 0.13875 0.03575 0 0.8255 0.13875 0.03575
4000 6.66667 0.85075 0.1175 0.03175 0 0.85075 0.1175 0.03175
4000 6.66667 0.8395 0.12775 0.03275 0 0.8395 0.12775 0.03275
4000 6.66667 0.829 0.132 0.039 0 0.829 0.132 0.039
4000 6.66667 0.8325 0.1305 0.037 0 0.8325 0.1305 0.037
4000 6.66667 0.83675 0.128 0.03525 0 0.83675 0.128 0.03525
Waf: Entering directory `/home/gercom/Opt/ns-3-dev/build'
Waf: Leaving directory `/home/gercom/Opt/ns-3-dev/build'
Build commands will be stored in build/compile_commands.json
'build' finished successfully (0.415s)
5000 8.33333 0.7946 0.1514 0.054 0 0.7946 0.1514 0.054
5000 8.33333 0.7942 0.1574 0.0484 0 0.7942 0.1574 0.0484
5000 8.33333 0.7952 0.1588 0.046 0 0.7952 0.1588 0.046
5000 8.33333 0.8044 0.1416 0.054 0 0.8044 0.1416 0.054
5000 8.33333 0.7878 0.1556 0.0566 0 0.7878 0.1556 0.0566
5000 8.33333 0.7986 0.146 0.0554 0 0.7986 0.146 0.0554
5000 8.33333 0.7818 0.1614 0.0568 0 0.7818 0.1614 0.0568
5000 8.33333 0.8004 0.147 0.0526 0 0.8004 0.147 0.0526
5000 8.33333 0.7958 0.1518 0.0524 0 0.7958 0.1518 0.0524
5000 8.33333 0.7966 0.1496 0.0538 0 0.7966 0.1496 0.0538
5000 8.33333 0.7804 0.1704 0.0492 0 0.7804 0.1704 0.0492
5000 8.33333 0.79 0.1578 0.0522 0 0.79 0.1578 0.0522
5000 8.33333 0.7962 0.1492 0.0546 0 0.7962 0.1492 0.0546
5000 8.33333 0.787 0.1566 0.0564 0 0.787 0.1566 0.0564
5000 8.33333 0.7958 0.148 0.0562 0 0.7958 0.148 0.0562
5000 8.33333 0.7994 0.1468 0.0538 0 0.7994 0.1468 0.0538
5000 8.33333 0.7966 0.1458 0.0576 0 0.7966 0.1458 0.0576
5000 8.33333 0.7934 0.1556 0.051 0 0.7934 0.1556 0.051
5000 8.33333 0.7952 0.15 0.0548 0 0.7952 0.15 0.0548
5000 8.33333 0.7996 0.1506 0.0498 0 0.7996 0.1506 0.0498
5000 8.33333 0.7938 0.1498 0.0564 0 0.7938 0.1498 0.0564
5000 8.33333 0.7964 0.1512 0.0524 0 0.7964 0.1512 0.0524
5000 8.33333 0.7876 0.1604 0.052 0 0.7876 0.1604 0.052
5000 8.33333 0.7924 0.1538 0.0538 0 0.7924 0.1538 0.0538
5000 8.33333 0.7906 0.1622 0.0472 0 0.7906 0.1622 0.0472
5000 8.33333 0.8064 0.1406 0.053 0 0.8064 0.1406 0.053
5000 8.33333 0.7834 0.1592 0.0574 0 0.7834 0.1592 0.0574
5000 8.33333 0.798 0.1488 0.0532 0 0.798 0.1488 0.0532
5000 8.33333 0.797 0.148 0.055 0 0.797 0.148 0.055
5000 8.33333 0.8106 0.1428 0.0466 0 0.8106 0.1428 0.0466
Waf: Entering directory `/home/gercom/Opt/ns-3-dev/build'
Waf: Leaving directory `/home/gercom/Opt/ns-3-dev/build'
Build commands will be stored in build/compile_commands.json
'build' finished successfully (0.413s)
6000 10 0.747833 0.182333 0.0698333 0 0.747833 0.182333 0.0698333
6000 10 0.7615 0.170667 0.0678333 0 0.7615 0.170667 0.0678333
6000 10 0.7565 0.1735 0.07 0 0.7565 0.1735 0.07
6000 10 0.766667 0.172167 0.0611667 0 0.766667 0.172167 0.0611667
6000 10 0.745833 0.1775 0.0766667 0 0.745833 0.1775 0.0766667
6000 10 0.740833 0.178667 0.0805 0 0.740833 0.178667 0.0805
6000 10 0.755333 0.172833 0.0718333 0 0.755333 0.172833 0.0718333
6000 10 0.7595 0.168167 0.0723333 0 0.7595 0.168167 0.0723333
6000 10 0.756667 0.170167 0.0731667 0 0.756667 0.170167 0.0731667
6000 10 0.7745 0.159667 0.0658333 0 0.7745 0.159667 0.0658333
6000 10 0.756333 0.170167 0.0735 0 0.756333 0.170167 0.0735
6000 10 0.753333 0.171667 0.075 0 0.753333 0.171667 0.075
6000 10 0.754833 0.172 0.0731667 0 0.754833 0.172 0.0731667
6000 10 0.750167 0.179333 0.0705 0 0.750167 0.179333 0.0705
6000 10 0.7575 0.172333 0.0701667 0 0.7575 0.172333 0.0701667
6000 10 0.766 0.169667 0.0643333 0 0.766 0.169667 0.0643333
6000 10 0.7605 0.172 0.0675 0 0.7605 0.172 0.0675
6000 10 0.763833 0.163 0.0731667 0 0.763833 0.163 0.0731667
6000 10 0.759667 0.167333 0.073 0 0.759667 0.167333 0.073
6000 10 0.7535 0.172833 0.0736667 0 0.7535 0.172833 0.0736667
6000 10 0.764 0.1665 0.0695 0 0.764 0.1665 0.0695
6000 10 0.751167 0.170667 0.0781667 0 0.751167 0.170667 0.0781667
6000 10 0.764 0.170667 0.0653333 0 0.764 0.170667 0.0653333
6000 10 0.764333 0.171 0.0646667 0 0.764333 0.171 0.0646667
6000 10 0.742167 0.177 0.0808333 0 0.742167 0.177 0.0808333
6000 10 0.752833 0.178167 0.069 0 0.752833 0.178167 0.069
6000 10 0.759667 0.175333 0.065 0 0.759667 0.175333 0.065
6000 10 0.753 0.174333 0.0726667 0 0.753 0.174333 0.0726667
6000 10 0.755167 0.173333 0.0715 0 0.755167 0.173333 0.0715
6000 10 0.759 0.172833 0.0681667 0 0.759 0.172833 0.0681667
Waf: Entering directory `/home/gercom/Opt/ns-3-dev/build'
Waf: Leaving directory `/home/gercom/Opt/ns-3-dev/build'
Build commands will be stored in build/compile_commands.json
'build' finished successfully (0.413s)
7000 11.6667 0.701714 0.199857 0.0984286 0 0.701714 0.199857 0.0984286
7000 11.6667 0.729143 0.181714 0.0891429 0 0.729143 0.181714 0.0891429
7000 11.6667 0.703714 0.198857 0.0974286 0 0.703714 0.198857 0.0974286
7000 11.6667 0.719714 0.187857 0.0924286 0 0.719714 0.187857 0.0924286
7000 11.6667 0.730857 0.177143 0.092 0 0.730857 0.177143 0.092
7000 11.6667 0.718143 0.190714 0.0911429 0 0.718143 0.190714 0.0911429
7000 11.6667 0.724286 0.184857 0.0908571 0 0.724286 0.184857 0.0908571
7000 11.6667 0.710571 0.196286 0.0931429 0 0.710571 0.196286 0.0931429
7000 11.6667 0.722429 0.189143 0.0884286 0 0.722429 0.189143 0.0884286
7000 11.6667 0.725429 0.184857 0.0897143 0 0.725429 0.184857 0.0897143
7000 11.6667 0.719286 0.179429 0.101286 0 0.719286 0.179429 0.101286
7000 11.6667 0.712286 0.190571 0.0971429 0 0.712286 0.190571 0.0971429
7000 11.6667 0.719 0.188 0.093 0 0.719 0.188 0.093
7000 11.6667 0.719143 0.183429 0.0974286 0 0.719143 0.183429 0.0974286
7000 11.6667 0.727714 0.181 0.0912857 0 0.727714 0.181 0.0912857
7000 11.6667 0.713714 0.186143 0.100143 0 0.713714 0.186143 0.100143
7000 11.6667 0.714143 0.190429 0.0954286 0 0.714143 0.190429 0.0954286
7000 11.6667 0.724143 0.182143 0.0937143 0 0.724143 0.182143 0.0937143
7000 11.6667 0.718286 0.192714 0.089 0 0.718286 0.192714 0.089
7000 11.6667 0.724857 0.179286 0.0958571 0 0.724857 0.179286 0.0958571
7000 11.6667 0.724857 0.180143 0.095 0 0.724857 0.180143 0.095
7000 11.6667 0.712714 0.189143 0.0981429 0 0.712714 0.189143 0.0981429
7000 11.6667 0.707 0.191571 0.101429 0 0.707 0.191571 0.101429
7000 11.6667 0.717429 0.186714 0.0958571 0 0.717429 0.186714 0.0958571
7000 11.6667 0.712714 0.191143 0.0961429 0 0.712714 0.191143 0.0961429
7000 11.6667 0.719 0.187857 0.0931429 0 0.719 0.187857 0.0931429
7000 11.6667 0.726143 0.181857 0.092 0 0.726143 0.181857 0.092
7000 11.6667 0.709857 0.190429 0.0997143 0 0.709857 0.190429 0.0997143
7000 11.6667 0.712429 0.194714 0.0928571 0 0.712429 0.194714 0.0928571
7000 11.6667 0.698 0.203143 0.0988571 0 0.698 0.203143 0.0988571
Waf: Entering directory `/home/gercom/Opt/ns-3-dev/build'
Waf: Leaving directory `/home/gercom/Opt/ns-3-dev/build'
Build commands will be stored in build/compile_commands.json
'build' finished successfully (0.412s)
8000 13.3333 0.671875 0.210875 0.11725 0 0.671875 0.210875 0.11725
8000 13.3333 0.67675 0.20575 0.1175 0 0.67675 0.20575 0.1175
8000 13.3333 0.677875 0.20125 0.120875 0 0.677875 0.20125 0.120875
8000 13.3333 0.68525 0.1995 0.11525 0 0.68525 0.1995 0.11525
8000 13.3333 0.691875 0.192375 0.11575 0 0.691875 0.192375 0.11575
8000 13.3333 0.672125 0.21275 0.115125 0 0.672125 0.21275 0.115125
8000 13.3333 0.6765 0.20075 0.12275 0 0.6765 0.20075 0.12275
8000 13.3333 0.670875 0.208125 0.121 0 0.670875 0.208125 0.121
8000 13.3333 0.66425 0.212625 0.123125 0 0.66425 0.212625 0.123125
8000 13.3333 0.6935 0.197125 0.109375 0 0.6935 0.197125 0.109375
8000 13.3333 0.676875 0.206625 0.1165 0 0.676875 0.206625 0.1165
8000 13.3333 0.67975 0.2055 0.11475 0 0.67975 0.2055 0.11475
8000 13.3333 0.68525 0.21075 0.104 0 0.68525 0.21075 0.104
8000 13.3333 0.68525 0.198875 0.115875 0 0.68525 0.198875 0.115875
8000 13.3333 0.689 0.195875 0.115125 0 0.689 0.195875 0.115125
8000 13.3333 0.669875 0.2125 0.117625 0 0.669875 0.2125 0.117625
8000 13.3333 0.677625 0.20725 0.115125 0 0.677625 0.20725 0.115125
8000 13.3333 0.68775 0.1965 0.11575 0 0.68775 0.1965 0.11575
8000 13.3333 0.67775 0.202125 0.120125 0 0.67775 0.202125 0.120125
8000 13.3333 0.6765 0.2025 0.121 0 0.6765 0.2025 0.121
8000 13.3333 0.67725 0.203625 0.119125 0 0.67725 0.203625 0.119125
8000 13.3333 0.6945 0.199375 0.106125 0 0.6945 0.199375 0.106125
8000 13.3333 0.67325 0.2035 0.12325 0 0.67325 0.2035 0.12325
8000 13.3333 0.683875 0.199375 0.11675 0 0.683875 0.199375 0.11675
8000 13.3333 0.68175 0.206625 0.111625 0 0.68175 0.206625 0.111625
8000 13.3333 0.688375 0.192 0.119625 0 0.688375 0.192 0.119625
8000 13.3333 0.689625 0.19425 0.116125 0 0.689625 0.19425 0.116125
8000 13.3333 0.675375 0.208625 0.116 0 0.675375 0.208625 0.116
8000 13.3333 0.68 0.201375 0.118625 0 0.68 0.201375 0.118625
8000 13.3333 0.671875 0.20425 0.123875 0 0.671875 0.20425 0.123875
Waf: Entering directory `/home/gercom/Opt/ns-3-dev/build'
Waf: Leaving directory `/home/gercom/Opt/ns-3-dev/build'
Build commands will be stored in build/compile_commands.json
'build' finished successfully (0.435s)
9000 15 0.643444 0.214778 0.141778 0 0.643444 0.214778 0.141778
9000 15 0.652778 0.211111 0.136111 0 0.652778 0.211111 0.136111
9000 15 0.655222 0.211 0.133778 0 0.655222 0.211 0.133778
9000 15 0.648111 0.21 0.141889 0 0.648111 0.21 0.141889
9000 15 0.642 0.219444 0.138556 0 0.642 0.219444 0.138556
9000 15 0.654778 0.208444 0.136778 0 0.654778 0.208444 0.136778
9000 15 0.648 0.212889 0.139111 0 0.648 0.212889 0.139111
9000 15 0.644333 0.219111 0.136556 0 0.644333 0.219111 0.136556
9000 15 0.636556 0.218333 0.145111 0 0.636556 0.218333 0.145111
9000 15 0.637444 0.218778 0.143778 0 0.637444 0.218778 0.143778
9000 15 0.631333 0.223111 0.145556 0 0.631333 0.223111 0.145556
9000 15 0.643556 0.213778 0.142667 0 0.643556 0.213778 0.142667
9000 15 0.649 0.213778 0.137222 0 0.649 0.213778 0.137222
9000 15 0.642778 0.214444 0.142778 0 0.642778 0.214444 0.142778
9000 15 0.643444 0.217778 0.138778 0 0.643444 0.217778 0.138778
9000 15 0.631889 0.219222 0.148889 0 0.631889 0.219222 0.148889
9000 15 0.643889 0.216556 0.139556 0 0.643889 0.216556 0.139556
9000 15 0.642 0.218222 0.139778 0 0.642 0.218222 0.139778
9000 15 0.645778 0.219556 0.134667 0 0.645778 0.219556 0.134667
9000 15 0.650556 0.210111 0.139333 0 0.650556 0.210111 0.139333
9000 15 0.649222 0.213778 0.137 0 0.649222 0.213778 0.137
9000 15 0.648889 0.212111 0.139 0 0.648889 0.212111 0.139
9000 15 0.650222 0.210889 0.138889 0 0.650222 0.210889 0.138889
9000 15 0.642333 0.219556 0.138111 0 0.642333 0.219556 0.138111
9000 15 0.650778 0.209 0.140222 0 0.650778 0.209 0.140222
9000 15 0.650111 0.212556 0.137333 0 0.650111 0.212556 0.137333
9000 15 0.644 0.214778 0.141222 0 0.644 0.214778 0.141222
9000 15 0.653778 0.211444 0.134778 0 0.653778 0.211444 0.134778
9000 15 0.639556 0.219222 0.141222 0 0.639556 0.219222 0.141222
9000 15 0.634333 0.217889 0.147778 0 0.634333 0.217889 0.147778
Waf: Entering directory `/home/gercom/Opt/ns-3-dev/build'
Waf: Leaving directory `/home/gercom/Opt/ns-3-dev/build'
Build commands will be stored in build/compile_commands.json
'build' finished successfully (0.410s)
10000 16.6667 0.6051 0.2232 0.1717 0 0.6051 0.2232 0.1717
10000 16.6667 0.6098 0.227 0.1632 0 0.6098 0.227 0.1632
10000 16.6667 0.6194 0.2254 0.1552 0 0.6194 0.2254 0.1552
10000 16.6667 0.6111 0.2266 0.1623 0 0.6111 0.2266 0.1623
10000 16.6667 0.6158 0.2227 0.1615 0 0.6158 0.2227 0.1615
10000 16.6667 0.6125 0.2251 0.1624 0 0.6125 0.2251 0.1624
10000 16.6667 0.6145 0.2252 0.1603 0 0.6145 0.2252 0.1603
10000 16.6667 0.6131 0.2259 0.161 0 0.6131 0.2259 0.161
10000 16.6667 0.6011 0.2307 0.1682 0 0.6011 0.2307 0.1682
10000 16.6667 0.6061 0.2285 0.1654 0 0.6061 0.2285 0.1654
10000 16.6667 0.6101 0.2308 0.1591 0 0.6101 0.2308 0.1591
10000 16.6667 0.6092 0.227 0.1638 0 0.6092 0.227 0.1638
10000 16.6667 0.6053 0.2266 0.1681 0 0.6053 0.2266 0.1681
10000 16.6667 0.617 0.2179 0.1651 0 0.617 0.2179 0.1651
10000 16.6667 0.5947 0.2362 0.1691 0 0.5947 0.2362 0.1691
10000 16.6667 0.6017 0.2294 0.1689 0 0.6017 0.2294 0.1689
10000 16.6667 0.6133 0.2251 0.1616 0 0.6133 0.2251 0.1616
10000 16.6667 0.6006 0.2266 0.1728 0 0.6006 0.2266 0.1728
10000 16.6667 0.6044 0.2313 0.1643 0 0.6044 0.2313 0.1643
10000 16.6667 0.6029 0.2318 0.1653 0 0.6029 0.2318 0.1653
10000 16.6667 0.6132 0.2239 0.1629 0 0.6132 0.2239 0.1629
10000 16.6667 0.6082 0.2283 0.1635 0 0.6082 0.2283 0.1635
10000 16.6667 0.6178 0.2227 0.1595 0 0.6178 0.2227 0.1595
10000 16.6667 0.6058 0.2286 0.1656 0 0.6058 0.2286 0.1656
10000 16.6667 0.6029 0.2351 0.162 0 0.6029 0.2351 0.162
10000 16.6667 0.6148 0.2251 0.1601 0 0.6148 0.2251 0.1601
10000 16.6667 0.6051 0.2257 0.1692 0 0.6051 0.2257 0.1692
10000 16.6667 0.6155 0.2192 0.1653 0 0.6155 0.2192 0.1653
10000 16.6667 0.5991 0.2318 0.1691 0 0.5991 0.2318 0.1691
10000 16.6667 0.6164 0.2261 0.1575 0 0.6164 0.2261 0.1575
